1.7975 2.2225 2.6475 3.0725 3.4975 3.9225 4.3475 4.7725 5.1975 5.6225 6.0475 6.4725 6.8975 7.3225 7.7475 8.1725 8.5975 9.0225 9.4475 9.8725    
1.66169 0.995516 0.487084 0.061504 -0.278297 -0.515043 -0.635658 -0.638693 -0.536728 -0.355378 -0.129753 0.100766 0.298473 0.432987 0.485665 0.452072 0.342134 0.177984 -0.0101169 -0.189065    
1.44796 0.00201335 -1.44393 -2.88988 -4.33583 -5.78178 -7.22773 -8.67368 -10.1196 -11.5656 -13.0115 -14.4575 -15.9034 -17.3494 -18.7953 -20.2413 -21.6872 -23.1332 -24.5791 -26.0251 12.3989 182.863 -709.654 19300 100
1.6617 0.995516 0.487084 0.061504 -0.278297 -0.515043 -0.635658 -0.638693 -0.536728 -0.355378 -0.129753 0.100766 0.298473 0.432987 0.485665 0.452072 0.342134 0.177984 -0.0101169 -0.189089 1.21147e-06 0.000643087 1 743100 50
1.66183 0.995515 0.487084 0.061504 -0.278297 -0.515043 -0.635658 -0.638693 -0.536728 -0.355378 -0.129753 0.100766 0.298473 0.432987 0.485665 0.452071 0.342134 0.177984 -0.0101196 -0.1886 3.01545e-05 0.0140662 1 1050200 25
1.75805 0.989792 0.399114 -0.0324519 -0.323376 -0.492127 -0.557174 -0.536988 -0.450039 -0.314794 -0.149725 0.0266997 0.19601 0.339736 0.439409 0.476559 0.432716 0.289411 0.0281742 -0.369464 0.0720328 42.638 0.978141 147300 100
4 9 14 19 24 29 34 39 44 49 54 59 64 69 74 79 84 89 94 99 104 109 114 119 124 129 134 139 144 149 154 159 164 169 174 179 184 189 194 199 204 209 214 219 224 229 234 239    
1.84 2.265 2.69 3.115 3.54 3.965 4.39 4.815 5.24 5.665 6.09 6.515 6.94 7.365 7.79 8.215 8.64 9.065 9.49 9.915 1.58091 0.940053 0.441012 0.0234015 -0.306892 -0.53246 -0.641156 -0.632893 -0.521645 -0.334172 -0.106266 0.122589 0.315179 0.442127 0.486133 0.444233 0.327707 0.159709 -0.028964 -0.205236 3.4975 5.6225 7.7475 9.8725 -0.278297 -0.355378 0.485665 -0.189065    
1.84 2.265 2.69 3.115 3.54 3.965 4.39 4.815 5.24 5.665 6.09 6.515 6.94 7.365 7.79 8.215 8.64 9.065 9.49 9.915 10.34 10.765 11.19 11.615 12.04 12.465 12.89 13.315 13.74 14.165 14.59 15.015 15.44 15.865 16.29 16.715 17.14 17.565 17.99 18.415 18.84 19.265 19.69 20.115 20.54 20.965 21.39 21.815 8.78737 104.942 -10.629 6300 193
421251 27693.4 -15202.9 1661.72 1375.91 -358.654 -135.832 83.3377 18.8258 -11.1208 9.82231 12.4048 4.10406 5.42543 9.67992 8.78266 7.40374 9.5704 11.0999 7.96374 2.79219 0.145747 0.251919 0.365951 -0.42162 -0.80774 -0.439792 -0.425403 -0.821592 -0.464628 0.289917 -0.0898195 -0.479598 1.33575 1.89219 -2.65697 -1.73824 9.84663 -8.13637 -47.7623 93.7605 244.728 -917.311 -1135.77 10624.3 -19669.4 -303724 1.93571e+06 57083.7 129.4 -6.98483e+09 279800 28
421251 27693.4 -15202.9 1661.72 1375.91 -358.654 -135.832 83.3377 18.8258 -11.1208 9.82231 12.4048 4.10406 5.42543 9.67992 8.78266 7.40374 9.5704 11.0999 7.96374 2.79219 0.145747 0.251919 0.365951 -0.42162 -0.80774 -0.439792 -0.425403 -0.821592 -0.464628 0.289917 -0.0898195 -0.479598 1.33575 1.89219 -2.65697 -1.73824 9.84663 -8.13636 -47.7623 93.7605 244.728 -917.311 -1135.77 10624.3 -19669.4 -303724 1.93571e+06 57083.7 129.4 -6.98483e+09 1613400 28
5.09818 5.0029 4.90763 4.81236 4.71709 4.62182 4.52655 4.43127 4.336 4.24073 4.14546 4.05019 3.95492 3.85964 3.76437 3.6691 3.57383 3.47856 3.38329 3.28801 3.19274 3.09747 3.0022 2.90693 2.81166 2.71638 2.62111 2.52584 2.43057 2.3353 2.24003 2.14475 2.04948 1.95421 1.85894 1.76367 1.6684 1.57312 1.47785 1.38258 1.28731 1.19204 1.09677 1.00149 0.906223 0.810951 0.715679 0.620408 2.64133 116.004 0.141919 22400 193
4 9 14 19 24 29 34 39 44 49 54 59 64 69 74 79 84 89 94 99 104 109 114 119 124 129 134 139 144 149 154 159 164 169 174 179 184 189 194 199 204 209 214 219 224 229 234 239 4 9 14 19 24 29 34 39 44 49 54 59 64 69 74 79 84 89 94 99 104 109 114 119 124 129 134 139 144 149 154 159 164 169 174 179 184 189 194 199 204 209 214 219 224 229 234 239    
1.84 2.265 2.69 3.115 3.54 3.965 4.39 4.815 5.24 5.665 6.09 6.515 6.94 7.365 7.79 8.215 8.64 9.065 9.49 9.915 1.58091 0.940053 0.441012 0.0234015 -0.306892 -0.53246 -0.641156 -0.632893 -0.521645 -0.334172 -0.106266 0.122589 0.315179 0.442127 0.486133 0.444233 0.327707 0.159709 -0.028964 -0.205236 3.4975 5.6225 7.7475 9.8725 -0.278297 -0.355378 0.485665 -0.189065 1.84 2.265 2.69 3.115 3.54 3.965 4.39 4.815 5.24 5.665 6.09 6.515 6.94 7.365 7.79 8.215 8.64 9.065 9.49 9.915 1.84 2.265 2.69 3.115 3.54 3.965 4.39 4.815 5.24 5.665 6.09 6.515 6.94 7.365 7.79 8.215 8.64 9.065 9.49 9.915 3.4975 5.6225 7.7475 9.8725 3.4975 5.6225 7.7475 9.8725    
1.84 2.265 2.69 3.115 3.54 3.965 4.39 4.815 5.24 5.665 6.09 6.515 6.94 7.365 7.79 8.215 8.64 9.065 9.49 9.915 10.34 10.765 11.19 11.615 12.04 12.465 12.89 13.315 13.74 14.165 14.59 15.015 15.44 15.865 16.29 16.715 17.14 17.565 17.99 18.415 18.84 19.265 19.69 20.115 20.54 20.965 21.39 21.815 1.84 2.265 2.69 3.115 3.54 3.965 4.39 4.815 5.24 5.665 6.09 6.515 6.94 7.365 7.79 8.215 8.64 9.065 9.49 9.915 10.34 10.765 11.19 11.615 12.04 12.465 12.89 13.315 13.74 14.165 14.59 15.015 15.44 15.865 16.29 16.715 17.14 17.565 17.99 18.415 18.84 19.265 19.69 20.115 20.54 20.965 21.39 21.815 7.30139 79.7344 -7.96804 8000 386
0 0 0 0 0 0 0 0 0 0 0 0 0 0 0 0 0 0 0 0 0 0 0 0 0 0 0 0 0 0 0 0 0 0 0 0 0 0 0 0 0 0 0 0 0 0 0 0 0 0 0 0 0 0 0 0 0 0 0 0 0 0 0 0 0 0 0 0 0 0 0 0 0 0 0 0 0 0 0 0 0 0 0 0 0 0 0 0 0 0 0 0 0 0 0 0 4.6122 200 -1.82604 3900 0
4 9 14 19 24 29 34 39 44 49 54 59 64 69 74 79 84 89 94 99 104 109 114 119 124 129 134 139 144 149 154 159 164 169 174 179 184 189 194 199 204 209 214 219 224 229 234 239    
1.84 2.265 2.69 3.115 3.54 3.965 4.39 4.815 5.24 5.665 6.09 6.515 6.94 7.365 7.79 8.215 8.64 9.065 9.49 9.915 1.58091 0.940053 0.441012 0.0234015 -0.306892 -0.53246 -0.641156 -0.632893 -0.521645 -0.334172 -0.106266 0.122589 0.315179 0.442127 0.486133 0.444233 0.327707 0.159709 -0.028964 -0.205236 3.4975 5.6225 7.7475 9.8725 -0.278297 -0.355378 0.485665 -0.189065    
1.84 2.265 2.69 3.115 3.54 3.965 4.39 4.815 5.24 5.665 6.09 6.515 6.94 7.365 7.79 8.215 8.64 9.065 9.49 9.915 10.34 10.765 11.19 11.615 12.04 12.465 12.89 13.315 13.74 14.165 14.59 15.015 15.44 15.865 16.29 16.715 17.14 17.565 17.99 18.415 18.84 19.265 19.69 20.115 20.54 20.965 21.39 21.815 8.78737 104.942 -10.629 10700 193
421251 27693.4 -15202.9 1661.72 1375.91 -358.654 -135.832 83.3377 18.8258 -11.1208 9.82231 12.4048 4.10406 5.42543 9.67992 8.78266 7.40374 9.5704 11.0999 7.96374 2.79219 0.145747 0.251919 0.365951 -0.42162 -0.80774 -0.439792 -0.425403 -0.821592 -0.464628 0.289917 -0.0898195 -0.479598 1.33575 1.89219 -2.65697 -1.73824 9.84663 -8.13637 -47.7623 93.7605 244.728 -917.311 -1135.77 10624.3 -19669.4 -303724 1.93571e+06 57083.7 129.4 -6.98483e+09 890700 28
421251 27693.4 -15202.9 1661.72 1375.91 -358.654 -135.832 83.3377 18.8258 -11.1208 9.82231 12.4048 4.10406 5.42543 9.67992 8.78266 7.40374 9.5704 11.0999 7.96374 2.79219 0.145747 0.251919 0.365951 -0.42162 -0.80774 -0.439792 -0.425403 -0.821592 -0.464628 0.289917 -0.0898195 -0.479598 1.33575 1.89219 -2.65697 -1.73824 9.84663 -8.13636 -47.7623 93.7605 244.728 -917.311 -1135.77 10624.3 -19669.4 -303724 1.93571e+06 57083.7 129.4 -6.98483e+09 3420300 28
5.09818 5.0029 4.90763 4.81236 4.71709 4.62182 4.52655 4.43127 4.336 4.24073 4.14546 4.05019 3.95492 3.85964 3.76437 3.6691 3.57383 3.47856 3.38329 3.28801 3.19274 3.09747 3.0022 2.90693 2.81166 2.71638 2.62111 2.52584 2.43057 2.3353 2.24003 2.14475 2.04948 1.95421 1.85894 1.76367 1.6684 1.57312 1.47785 1.38258 1.28731 1.19204 1.09677 1.00149 0.906223 0.810951 0.715679 0.620408 2.64133 116.004 0.141919 67200 193
4 9 14 19 24 29 34 39 44 49 54 59 64 69 74 79 84 89 94 99 104 109 114 119 124 129 134 139 144 149 154 159 164 169 174 179 184 189 194 199 204 209 214 219 224 229 234 239 4 9 14 19 24 29 34 39 44 49 54 59 64 69 74 79 84 89 94 99 104 109 114 119 124 129 134 139 144 149 154 159 164 169 174 179 184 189 194 199 204 209 214 219 224 229 234 239    
1.84 2.265 2.69 3.115 3.54 3.965 4.39 4.815 5.24 5.665 6.09 6.515 6.94 7.365 7.79 8.215 8.64 9.065 9.49 9.915 1.58091 0.940053 0.441012 0.0234015 -0.306892 -0.53246 -0.641156 -0.632893 -0.521645 -0.334172 -0.106266 0.122589 0.315179 0.442127 0.486133 0.444233 0.327707 0.159709 -0.028964 -0.205236 3.4975 5.6225 7.7475 9.8725 -0.278297 -0.355378 0.485665 -0.189065 1.84 2.265 2.69 3.115 3.54 3.965 4.39 4.815 5.24 5.665 6.09 6.515 6.94 7.365 7.79 8.215 8.64 9.065 9.49 9.915 1.84 2.265 2.69 3.115 3.54 3.965 4.39 4.815 5.24 5.665 6.09 6.515 6.94 7.365 7.79 8.215 8.64 9.065 9.49 9.915 3.4975 5.6225 7.7475 9.8725 3.4975 5.6225 7.7475 9.8725    
1.84 2.265 2.69 3.115 3.54 3.965 4.39 4.815 5.24 5.665 6.09 6.515 6.94 7.365 7.79 8.215 8.64 9.065 9.49 9.915 10.34 10.765 11.19 11.615 12.04 12.465 12.89 13.315 13.74 14.165 14.59 15.015 15.44 15.865 16.29 16.715 17.14 17.565 17.99 18.415 18.84 19.265 19.69 20.115 20.54 20.965 21.39 21.815 1.84 2.265 2.69 3.115 3.54 3.965 4.39 4.815 5.24 5.665 6.09 6.515 6.94 7.365 7.79 8.215 8.64 9.065 9.49 9.915 10.34 10.765 11.19 11.615 12.04 12.465 12.89 13.315 13.74 14.165 14.59 15.015 15.44 15.865 16.29 16.715 17.14 17.565 17.99 18.415 18.84 19.265 19.69 20.115 20.54 20.965 21.39 21.815 7.30139 79.7344 -7.96804 49300 386
0 0 0 0 0 0 0 0 0 0 0 0 0 0 0 0 0 0 0 0 0 0 0 0 0 0 0 0 0 0 0 0 0 0 0 0 0 0 0 0 0 0 0 0 0 0 0 0 0 0 0 0 0 0 0 0 0 0 0 0 0 0 0 0 0 0 0 0 0 0 0 0 0 0 0 0 0 0 0 0 0 0 0 0 0 0 0 0 0 0 0 0 0 0 0 0 4.6122 200 -1.82604 6800 0
4 9 14 19 24 29 34 39 44 49 54 59 64 69 74 79 84 89 94 99 104 109 114 119 124 129 134 139 144 149 154 159 164 169 174 179 184 189 194 199 204 209 214 219 224 229 234 239    
1.84 2.265 2.69 3.115 3.54 3.965 4.39 4.815 5.24 5.665 6.09 6.515 6.94 7.365 7.79 8.215 8.64 9.065 9.49 9.915 1.58091 0.940053 0.441012 0.0234015 -0.306892 -0.53246 -0.641156 -0.632893 -0.521645 -0.334172 -0.106266 0.122589 0.315179 0.442127 0.486133 0.444233 0.327707 0.159709 -0.028964 -0.205236 3.4975 5.6225 7.7475 9.8725 -0.278297 -0.355378 0.485665 -0.189065    
1.84 2.265 2.69 3.115 3.54 3.965 4.39 4.815 5.24 5.665 6.09 6.515 6.94 7.365 7.79 8.215 8.64 9.065 9.49 9.915 10.34 10.765 11.19 11.615 12.04 12.465 12.89 13.315 13.74 14.165 14.59 15.015 15.44 15.865 16.29 16.715 17.14 17.565 17.99 18.415 18.84 19.265 19.69 20.115 20.54 20.965 21.39 21.815 8.78737 104.942 -10.629 24300 193
421251 27693.4 -15202.9 1661.72 1375.91 -358.654 -135.832 83.3377 18.8258 -11.1208 9.82231 12.4048 4.10406 5.42543 9.67992 8.78266 7.40374 9.5704 11.0999 7.96374 2.79219 0.145747 0.251919 0.365951 -0.42162 -0.80774 -0.439792 -0.425403 -0.821592 -0.464628 0.289917 -0.0898195 -0.479598 1.33575 1.89219 -2.65697 -1.73824 9.84663 -8.13637 -47.7623 93.7605 244.728 -917.311 -1135.77 10624.3 -19669.4 -303724 1.93571e+06 57083.7 129.4 -6.98483e+09 709700 28
421251 27693.4 -15202.9 1661.72 1375.91 -358.654 -135.832 83.3377 18.8258 -11.1208 9.82231 12.4048 4.10406 5.42543 9.67992 8.78266 7.40374 9.5704 11.0999 7.96374 2.79219 0.145747 0.251919 0.365951 -0.42162 -0.80774 -0.439792 -0.425403 -0.821592 -0.464628 0.289917 -0.0898195 -0.479598 1.33575 1.89219 -2.65697 -1.73824 9.84663 -8.13636 -47.7623 93.7605 244.728 -917.311 -1135.77 10624.3 -19669.4 -303724 1.93571e+06 57083.7 129.4 -6.98483e+09 3656400 28
1.7975 2.2225 2.6475 3.0725 3.4975 3.9225 4.3475 4.7725 5.1975 5.6225 6.0475 6.4725 6.8975 7.3225 7.7475 8.1725 8.5975 9.0225 9.4475 9.8725    
1.66169 0.995516 0.487084 0.061504 -0.278297 -0.515043 -0.635658 -0.638693 -0.536728 -0.355378 -0.129753 0.100766 0.298473 0.432987 0.485665 0.452072 0.342134 0.177984 -0.0101169 -0.189065    
1.44796 0.002015 -1.44394 -2.88989 -4.33584 -5.78179 -7.22774 -8.67369 -10.1196 -11.5656 -13.0115 -14.4575 -15.9034 -17.3494 -18.7953 -20.2413 -21.6872 -23.1332 -24.5791 -26.0251 12.3989 182.863 -709.657 28200 100
1.66481 0.995328 0.487094 0.0615059 -0.278298 -0.515042 -0.635658 -0.638692 -0.536728 -0.355378 -0.129753 0.100765 0.298473 0.432987 0.485665 0.452072 0.342127 0.178024 -0.0103774 -0.186546 0.000307767 0.206114 0.999997 95400 17
1.66481 0.995328 0.487094 0.0615059 -0.278298 -0.515042 -0.635658 -0.638692 -0.536728 -0.355378 -0.129753 0.100765 0.298473 0.432987 0.485665 0.452072 0.342127 0.178024 -0.0103774 -0.186546 0.000307767 0.206114 0.999997 609000 17
1.75805 0.989793 0.399115 -0.0324516 -0.323376 -0.492127 -0.557175 -0.536989 -0.450039 -0.314794 -0.149725 0.0266997 0.19601 0.339737 0.439409 0.476559 0.432716 0.289411 0.0281741 -0.369465 0.0720331 42.638 0.978141 137900 100
1.7975 2.2225 2.6475 3.0725 3.4975 3.9225 4.3475 4.7725 5.1975 5.6225 6.0475 6.4725 6.8975 7.3225 7.7475 8.1725 8.5975 9.0225 9.4475 9.8725 0.585    
1.66169 0.995516 0.487084 0.061504 -0.278297 -0.515043 -0.635658 -0.638693 -0.536728 -0.355378 -0.129753 0.100766 0.298473 0.432987 0.485665 0.452072 0.342134 0.177984 -0.0101169 -0.189065 2.17094    
1.44796 0.002015 -1.44394 -2.88989 -4.33584 -5.78179 -7.22774 -8.67369 -10.1196 -11.5656 -13.0115 -14.4575 -15.9034 -17.3494 -18.7953 -20.2413 -21.6872 -23.1332 -24.5791 -26.0251 2.87835 11.8422 175.489 -430.455 26000 101
1.71238 1.0036 0.481881 0.0610889 -0.277061 -0.515172 -0.636141 -0.638492 -0.536457 -0.355645 -0.129946 0.101216 0.29859 0.431912 0.486008 0.456095 0.336493 0.148453 0.142277 1.46925 3.08561 0.134939 22.0316 0.648875 57000 12
1.71238 1.0036 0.481881 0.0610889 -0.277061 -0.515172 -0.636141 -0.638492 -0.536457 -0.355645 -0.129946 0.101216 0.29859 0.431912 0.486008 0.456095 0.336493 0.148453 0.142277 1.46925 3.08561 0.134939 22.0316 0.648875 122000 12
1.7033 1.10165 0.525765 0.0371167 -0.328756 -0.557589 -0.652039 -0.627612 -0.508908 -0.326148 -0.112013 0.101227 0.284282 0.413115 0.47091 0.449752 0.351999 0.191359 -0.00632832 -0.202617 2.58733 0.0435545 10.5391 0.98091 228400 101
1.7975 2.2225 2.6475 3.0725 3.4975 3.9225 4.3475 4.7725 5.1975 5.6225 6.0475 6.4725 6.8975 7.3225 7.7475 8.1725 8.5975 9.0225 9.4475 9.8725 0.585 0.1 0.1 0.1 0.1 0.1 0.1 0.1 0.1 0.1 0.1 0.1 0.1 0.1 0.1 0.1 0.1 0.1 0.1 0.1 0.1 0.1 0.1 0.1 0.1 0.1 0.1 0.1 0.1 0.1 0.1 0.1 0.1 0.1 0.1 0.1 0.1 0.1 0.1 0.1 0.1 0.1 0.1 0.1 0.1 0.1 0.1 0.1 0.1 0.1 0.1 0.1 0.1 0.1 0.1 0.1 0.1 0.1 0.1 0.1 0.1 0.1 0.1 0.1 0.1 0.1 0.1 0.1 0.1 0.1 0.1 0.1 0.1 0.1 0.1 0.1 0.1 0.1 0.1 0.1 0.1 0.1 0.1 0.1 0.1 0.1 0.1 0.1 0.1 0.1 0.1 0.1 0.1 0.1 0.1 0.1 0.1 0.1 0.1 0.1 0.1 0.1 0.1 0.1 0.1 0.1 0.1 0.1 0.1 0.1 0.1 0.1 0.1 0.1 0.1 0.1 0.1 0.1 0.1 0.1 0.1 0.1 0.1 0.1 0.1 0.1 0.1 0.1 0.1 0.1 0.1 0.1 0.1 0.1 0.1 0.1 0.1 0.1 0.1 0.1 0.1 0.1 0.1 0.1 0.1 0.1 0.1 0.1 0.1 0.1 0.1 0.1 0.1 0.1 0.1 0.1 0.1 0.1 0.1 0.1 0.1 0.1 0.1 0.1 0.1 0.1 0.1 0.1 0.1 0.1 0.1 0.1 0.1 0.1 0.1 0.1 0.1 0.1 0.1 0.1 0.1    
1.66169 0.995516 0.487084 0.061504 -0.278297 -0.515043 -0.635658 -0.638693 -0.536728 -0.355378 -0.129753 0.100766 0.298473 0.432987 0.485665 0.452072 0.342134 0.177984 -0.0101169 -0.189065 2.17094 165.9 165.9 165.9 165.9 165.9 165.9 165.9 165.9 165.9 165.9 165.9 165.9 165.9 165.9 165.9 165.9 165.9 165.9 165.9 165.9 165.9 165.9 165.9 165.9 165.9 165.9 165.9 165.9 165.9 165.9 165.9 165.9 165.9 165.9 165.9 165.9 165.9 165.9 165.9 165.9 165.9 165.9 165.9 165.9 165.9 165.9 165.9 165.9 165.9 165.9 165.9 165.9 165.9 165.9 165.9 165.9 165.9 165.9 165.9 165.9 165.9 165.9 165.9 165.9 165.9 165.9 165.9 165.9 165.9 165.9 165.9 165.9 165.9 165.9 165.9 165.9 165.9 165.9 165.9 165.9 165.9 165.9 165.9 165.9 165.9 165.9 165.9 165.9 165.9 165.9 165.9 165.9 165.9 165.9 165.9 165.9 165.9 165.9 165.9 165.9 165.9 165.9 165.9 165.9 165.9 165.9 165.9 165.9 165.9 165.9 165.9 165.9 165.9 165.9 165.9 165.9 165.9 165.9 165.9 165.9 165.9 165.9 165.9 165.9 165.9 165.9 165.9 165.9 165.9 165.9 165.9 165.9 165.9 165.9 165.9 165.9 165.9 165.9 165.9 165.9 165.9 165.9 165.9 165.9 165.9 165.9 165.9 165.9 165.9 165.9 165.9 165.9 165.9 165.9 165.9 165.9 165.9 165.9 165.9 165.9 165.9 165.9 165.9 165.9 165.9 165.9 165.9 165.9 165.9 165.9 165.9 165.9 165.9 165.9 165.9 165.9 165.9 165.9 165.9 165.9    
1.44796 0.002015 -1.44394 -2.88989 -4.33584 -5.78179 -7.22774 -8.67369 -10.1196 -11.5656 -13.0115 -14.4575 -15.9034 -17.3494 -18.7953 -20.2413 -21.6872 -23.1332 -24.5791 -26.0251 26.719 148.598 nan nan 419900 129
1.66245 0.995479 0.487088 0.0615027 -0.278296 -0.515043 -0.635658 -0.638693 -0.536728 -0.355378 -0.129753 0.100766 0.298473 0.432987 0.485666 0.452071 0.342136 0.177979 -0.0100967 -0.188812 32.8865 230.243 230.243 230.243 230.243 230.243 230.243 230.243 230.243 230.243 230.243 230.243 230.243 230.243 230.243 230.243 230.243 230.243 230.243 230.243 230.243 230.243 230.243 230.243 230.243 230.243 230.243 230.243 230.243 230.243 230.243 230.243 230.243 230.243 230.243 230.243 230.243 230.243 230.243 230.243 230.243 230.243 230.243 230.243 230.243 230.243 230.243 230.243 230.243 230.243 230.243 230.243 230.243 230.243 230.243 230.243 230.243 230.243 230.243 230.243 230.243 230.243 230.243 230.243 230.243 230.243 230.243 230.243 230.243 230.243 230.243 230.243 230.243 230.243 230.243 230.243 230.243 230.243 230.243 230.243 230.243 230.243 230.243 230.243 230.243 230.243 230.243 230.243 230.243 230.243 230.243 230.243 230.243 230.243 230.243 230.243 230.243 230.243 230.243 230.243 230.243 230.243 230.243 230.243 230.243 230.243 230.243 230.243 230.243 230.243 230.243 230.243 230.243 230.243 230.243 230.243 230.243 230.243 230.243 230.243 230.243 230.243 230.243 230.243 230.243 230.243 230.243 230.243 230.243 230.243 230.243 230.243 230.243 230.243 230.243 230.243 230.243 230.243 230.243 230.243 230.243 230.243 230.243 230.243 230.243 230.243 230.243 230.243 230.243 230.243 230.243 230.243 230.243 230.243 230.243 230.243 230.243 230.243 230.243 230.243 230.243 230.243 230.243 230.243 230.243 230.243 230.243 230.243 230.243 230.243 230.243 230.243 230.243 230.243 230.243 230.243 230.243 230.243 230.243 230.243 230.243 57.7735 29.9646 -0.445174 2095200 26
1.66245 0.995479 0.487088 0.0615027 -0.278296 -0.515043 -0.635658 -0.638693 -0.536728 -0.355378 -0.129753 0.100766 0.298473 0.432987 0.485666 0.452071 0.342136 0.177979 -0.0100967 -0.188812 32.8865 230.243 230.243 230.243 230.243 230.243 230.243 230.243 230.243 230.243 230.243 230.243 230.243 230.243 230.243 230.243 230.243 230.243 230.243 230.243 230.243 230.243 230.243 230.243 230.243 230.243 230.243 230.243 230.243 230.243 230.243 230.243 230.243 230.243 230.243 230.243 230.243 230.243 230.243 230.243 230.243 230.243 230.243 230.243 230.243 230.243 230.243 230.243 230.243 230.243 230.243 230.243 230.243 230.243 230.243 230.243 230.243 230.243 230.243 230.243 230.243 230.243 230.243 230.243 230.243 230.243 230.243 230.243 230.243 230.243 230.243 230.243 230.243 230.243 230.243 230.243 230.243 230.243 230.243 230.243 230.243 230.243 230.243 230.243 230.243 230.243 230.243 230.243 230.243 230.243 230.243 230.243 230.243 230.243 230.243 230.243 230.243 230.243 230.243 230.243 230.243 230.243 230.243 230.243 230.243 230.243 230.243 230.243 230.243 230.243 230.243 230.243 230.243 230.243 230.243 230.243 230.243 230.243 230.243 230.243 230.243 230.243 230.243 230.243 230.243 230.243 230.243 230.243 230.243 230.243 230.243 230.243 230.243 230.243 230.243 230.243 230.243 230.243 230.243 230.243 230.243 230.243 230.243 230.243 230.243 230.243 230.243 230.243 230.243 230.243 230.243 230.243 230.243 230.243 230.243 230.243 230.243 230.243 230.243 230.243 230.243 230.243 230.243 230.243 230.243 230.243 230.243 230.243 230.243 230.243 230.243 230.243 230.243 230.243 230.243 230.243 230.243 230.243 230.243 230.243 230.243 57.7735 29.9646 -0.445174 11508800 26
-2.99588 -2.55051 -2.10514 -1.65977 -1.2144 -0.769026 -0.323654 0.121717 0.567088 1.01246 1.45783 1.9032 2.34857 2.79395 3.23932 3.68469 4.13006 4.57543 5.0208 5.46617 -4.2665 -4.77475 -4.77475 -4.77475 -4.77475 -4.77475 -4.77475 -4.77475 -4.77475 -4.77475 -4.77475 -4.77475 -4.77475 -4.77475 -4.77475 -4.77475 -4.77475 -4.77475 -4.77475 -4.77475 -4.77475 -4.77475 -4.77475 -4.77475 -4.77475 -4.77475 -4.77475 -4.77475 -4.77475 -4.77475 -4.77475 -4.77475 -4.77475 -4.77475 -4.77475 -4.77475 -4.77475 -4.77475 -4.77475 -4.77475 -4.77475 -4.77475 -4.77475 -4.77475 -4.77475 -4.77475 -4.77475 -4.77475 -4.77475 -4.77475 -4.77475 -4.77475 -4.77475 -4.77475 -4.77475 -4.77475 -4.77475 -4.77475 -4.77475 -4.77475 -4.77475 -4.77475 -4.77475 -4.77475 -4.77475 -4.77475 -4.77475 -4.77475 -4.77475 -4.77475 -4.77475 -4.77475 -4.77475 -4.77475 -4.77475 -4.77475 -4.77475 -4.77475 -4.77475 -4.77475 -4.77475 -4.77475 -4.77475 -4.77475 -4.77475 -4.77475 -4.77475 -4.77475 -4.77475 -4.77475 -4.77475 -4.77475 -4.77475 -4.77475 -4.77475 -4.77475 -4.77475 -4.77475 -4.77475 -4.77475 -4.77475 -4.77475 -4.77475 -4.77475 -4.77475 -4.77475 -4.77475 -4.77475 -4.77475 -4.77475 -4.77475 -4.77475 -4.77475 -4.77475 -4.77475 -4.77475 -4.77475 -4.77475 -4.77475 -4.77475 -4.77475 -4.77475 -4.77475 -4.77475 -4.77475 -4.77475 -4.77475 -4.77475 -4.77475 -4.77475 -4.77475 -4.77475 -4.77475 -4.77475 -4.77475 -4.77475 -4.77475 -4.77475 -4.77475 -4.77475 -4.77475 -4.77475 -4.77475 -4.77475 -4.77475 -4.77475 -4.77475 -4.77475 -4.77475 -4.77475 -4.77475 -4.77475 -4.77475 -4.77475 -4.77475 -4.77475 -4.77475 -4.77475 -4.77475 -4.77475 -4.77475 -4.77475 -4.77475 -4.77475 -4.77475 -4.77475 -4.77475 -4.77475 -4.77475 -4.77475 -4.77475 -4.77475 -4.77475 -4.77475 -4.77475 -4.77475 -4.77475 -4.77475 -4.77475 -4.77475 -4.77475 153.123 196.864 -9.15603 49800 129
1.7975 2.2225 2.6475 3.0725 3.4975 3.9225 4.3475 4.7725 5.1975 5.6225 6.0475 6.4725 6.8975 7.3225 7.7475 8.1725 8.5975 9.0225 9.4475 9.8725    
1.66169 0.995516 0.487084 0.061504 -0.278297 -0.515043 -0.635658 -0.638693 -0.536728 -0.355378 -0.129753 0.100766 0.298473 0.432987 0.485665 0.452072 0.342134 0.177984 -0.0101169 -0.189065    
1.7975 2.2225 2.6475 3.0725 3.4975 3.9225 4.3475 4.7725 5.1975 5.6225 6.0475 6.4725 6.8975 7.3225 7.7475 8.1725 8.5975 9.0225 9.4475 9.8725 0.585    
1.66169 0.995516 0.487084 0.061504 -0.278297 -0.515043 -0.635658 -0.638693 -0.536728 -0.355378 -0.129753 0.100766 0.298473 0.432987 0.485665 0.452072 0.342134 0.177984 -0.0101169 -0.189065 2.17094    
